vortex 0 -0.499 -0.318304767812
vortex 0 -0.488919191919 -0.0941664739222
vortex 0 -0.478838383838 -0.0670786612903
vortex 0 -0.468757575758 -0.0543242480224
vortex 0 -0.458676767677 -0.0464621007044
vortex 0 -0.448595959596 -0.0409582541613
vortex 0 -0.438515151515 -0.0368048666253
vortex 0 -0.428434343434 -0.0335105603994
vortex 0 -0.418353535354 -0.0308031508394
vortex 0 -0.408272727273 -0.0285179520733
vortex 0 -0.398191919192 -0.026548628331
vortex 0 -0.388111111111 -0.0248230010831
vortex 0 -0.37803030303 -0.0232900934963
vortex 0 -0.367949494949 -0.0219127201741
vortex 0 -0.357868686869 -0.0206630178054
vortex 0 -0.347787878788 -0.0195196292024
vortex 0 -0.337707070707 -0.018465862864
vortex 0 -0.327626262626 -0.017488451997
vortex 0 -0.317545454545 -0.0165766949321
vortex 0 -0.307464646465 -0.0157218455954
vortex 0 -0.297383838384 -0.0149166722893
vortex 0 -0.287303030303 -0.0141551324123
vortex 0 -0.277222222222 -0.0134321287024
vortex 0 -0.267141414141 -0.012743323869
vortex 0 -0.257060606061 -0.0120849977413
vortex 0 -0.24697979798 -0.0114539358406
vortex 0 -0.236898989899 -0.0108473414999
vortex 0 -0.226818181818 -0.0102627658435
vortex 0 -0.216737373737 -0.00969805147134
vortex 0 -0.206656565657 -0.0091512867683
vortex 0 -0.196575757576 -0.00862076852931
vortex 0 -0.186494949495 -0.00810497115161
vortex 0 -0.176414141414 -0.00760252105486
vortex 0 -0.166333333333 -0.00711217529425
vortex 0 -0.156252525253 -0.00663280355973
vortex 0 -0.146171717172 -0.00616337292676
vortex 0 -0.136090909091 -0.00570293485565
vortex 0 -0.12601010101 -0.00525061403776
vortex 0 -0.115929292929 -0.00480559876516
vortex 0 -0.105848484848 -0.00436713256174
vortex 0 -0.0957676767677 -0.00393450686154
vortex 0 -0.0856868686869 -0.0035070545584
vortex 0 -0.0756060606061 -0.0030841442808
vortex 0 -0.0655252525253 -0.00266517526974
vortex 0 -0.0554444444444 -0.00224957275688
vortex 0 -0.0453636363636 -0.00183678375506
vortex 0 -0.0352828282828 -0.0014262731857
vortex 0 -0.025202020202 -0.00101752027698
vortex 0 -0.0151212121212 -0.000610015174414
vortex 0 -0.0050404040404 -0.000203255711083
vortex 0 0.0050404040404 0.000203255711083
vortex 0 0.0151212121212 0.000610015174414
vortex 0 0.025202020202 0.00101752027698
vortex 0 0.0352828282828 0.0014262731857
vortex 0 0.0453636363636 0.00183678375506
vortex 0 0.0554444444444 0.00224957275688
vortex 0 0.0655252525253 0.00266517526974
vortex 0 0.0756060606061 0.0030841442808
vortex 0 0.0856868686869 0.0035070545584
vortex 0 0.0957676767677 0.00393450686154
vortex 0 0.105848484848 0.00436713256174
vortex 0 0.115929292929 0.00480559876516
vortex 0 0.12601010101 0.00525061403776
vortex 0 0.136090909091 0.00570293485565
vortex 0 0.146171717172 0.00616337292676
vortex 0 0.156252525253 0.00663280355973
vortex 0 0.166333333333 0.00711217529425
vortex 0 0.176414141414 0.00760252105486
vortex 0 0.186494949495 0.00810497115161
vortex 0 0.196575757576 0.00862076852931
vortex 0 0.206656565657 0.0091512867683
vortex 0 0.216737373737 0.00969805147134
vortex 0 0.226818181818 0.0102627658435
vortex 0 0.236898989899 0.0108473414999
vortex 0 0.24697979798 0.0114539358406
vortex 0 0.257060606061 0.0120849977413
vortex 0 0.267141414141 0.012743323869
vortex 0 0.277222222222 0.0134321287024
vortex 0 0.287303030303 0.0141551324123
vortex 0 0.297383838384 0.0149166722893
vortex 0 0.307464646465 0.0157218455954
vortex 0 0.317545454545 0.0165766949321
vortex 0 0.327626262626 0.017488451997
vortex 0 0.337707070707 0.018465862864
vortex 0 0.347787878788 0.0195196292024
vortex 0 0.357868686869 0.0206630178054
vortex 0 0.367949494949 0.0219127201741
vortex 0 0.37803030303 0.0232900934963
vortex 0 0.388111111111 0.0248230010831
vortex 0 0.398191919192 0.026548628331
vortex 0 0.408272727273 0.0285179520733
vortex 0 0.418353535354 0.0308031508394
vortex 0 0.428434343434 0.0335105603994
vortex 0 0.438515151515 0.0368048666253
vortex 0 0.448595959596 0.0409582541613
vortex 0 0.458676767677 0.0464621007044
vortex 0 0.468757575758 0.0543242480224
vortex 0 0.478838383838 0.0670786612903
vortex 0 0.488919191919 0.0941664739222
vortex 0 0.499 0.318304767812
